import numpy as np
import matplotlib.pyplot as plt
import matplotlib.cm as cm

covar_matrices = {
    "C/1892 Q1": np.array([
        [
          1.97e-09,
          -2.43e-10,
          -1.03e-08,
          1.06e-08,
          9.42e-09,
          1.38e-08
        ],
        [
          -2.43e-10,
          6.67e-11,
          2.9e-09,
          -1.13e-09,
          7.41e-10,
          -2.62e-09
        ],
        [
          -1.03e-08,
          2.9e-09,
          2.22e-07,
          -5.49e-08,
          7.01e-08,
          -1.1e-07
        ],
        [
          1.06e-08,
          -1.13e-09,
          -5.49e-08,
          1.28e-07,
          -4.38e-09,
          5.84e-08
        ],
        [
          9.42e-09,
          7.41e-10,
          7.01e-08,
          -4.38e-09,
          2.24e-07,
          2.85e-08
        ],
        [
          1.38e-08,
          -2.62e-09,
          -1.1e-07,
          5.84e-08,
          2.85e-08,
          3.33e-07
        ]
      ]),

    "C/1896 V1": np.array([
        [
          6.05e-08,
          1.39e-08,
          1.46e-06,
          3.16e-07,
          1.63e-06,
          -2.61e-07
        ],
        [
          1.39e-08,
          3.24e-09,
          3.36e-07,
          7.47e-08,
          3.77e-07,
          -6.07e-08
        ],
        [
          1.46e-06,
          3.36e-07,
          3.62e-05,
          7.24e-06,
          4.01e-05,
          -6.2e-06
        ],
        [
          3.16e-07,
          7.47e-08,
          7.24e-06,
          2.41e-06,
          8.72e-06,
          -1.28e-06
        ],
        [
          1.63e-06,
          3.77e-07,
          4.01e-05,
          8.72e-06,
          4.5e-05,
          -6.87e-06
        ],
        [
          -2.61e-07,
          -6.07e-08,
          -6.2e-06,
          -1.28e-06,
          -6.87e-06,
          1.3e-06
        ]
      ]),

    "C/1913 Y1": np.array([
        [
          5.24e-11,
          -2.06e-11,
          -1.37e-09,
          -8.56e-11,
          -7.11e-10,
          -8.15e-10
        ],
        [
          -2.06e-11,
          1.28e-11,
          2e-10,
          5.42e-11,
          9.49e-11,
          3.17e-10
        ],
        [
          -1.37e-09,
          2e-10,
          2.52e-07,
          -1.01e-08,
          5.68e-08,
          3.17e-08
        ],
        [
          -8.56e-11,
          5.42e-11,
          -1.01e-08,
          9.5e-09,
          -4.16e-09,
          -1.89e-08
        ],
        [
          -7.11e-10,
          9.49e-11,
          5.68e-08,
          -4.16e-09,
          2.37e-08,
          1.96e-08
        ],
        [
          -8.15e-10,
          3.17e-10,
          3.17e-08,
          -1.89e-08,
          1.96e-08,
          8.55e-08
        ]
      ]),

    "C/1914 F1": np.array([
        [
          1.56e-08,
          2.46e-09,
          -1.12e-07,
          1.55e-07,
          -1.22e-07,
          1.64e-07
        ],
        [
          2.46e-09,
          3.88e-10,
          -1.76e-08,
          2.43e-08,
          -1.91e-08,
          2.59e-08
        ],
        [
          -1.12e-07,
          -1.76e-08,
          8.61e-07,
          -1.12e-06,
          9.39e-07,
          -1.18e-06
        ],
        [
          1.55e-07,
          2.43e-08,
          -1.12e-06,
          1.56e-06,
          -1.24e-06,
          1.63e-06
        ],
        [
          -1.22e-07,
          -1.91e-08,
          9.39e-07,
          -1.24e-06,
          1.05e-06,
          -1.29e-06
        ],
        [
          1.64e-07,
          2.59e-08,
          -1.18e-06,
          1.63e-06,
          -1.29e-06,
          1.73e-06
        ]
      ]),

    "C/1921 E1": np.array([
        [
          8.23e-07,
          3.94e-08,
          -8.48e-06,
          5.3e-06,
          -4.54e-06,
          -1.76e-06
        ],
        [
          3.94e-08,
          1.91e-09,
          -4.09e-07,
          2.52e-07,
          -2.23e-07,
          -8.66e-08
        ],
        [
          -8.48e-06,
          -4.09e-07,
          8.78e-05,
          -5.44e-05,
          4.76e-05,
          1.84e-05
        ],
        [
          5.3e-06,
          2.52e-07,
          -5.44e-05,
          3.44e-05,
          -2.88e-05,
          -1.1e-05
        ],
        [
          -4.54e-06,
          -2.23e-07,
          4.76e-05,
          -2.88e-05,
          2.64e-05,
          1.03e-05
        ],
        [
          -1.76e-06,
          -8.66e-08,
          1.84e-05,
          -1.1e-05,
          1.03e-05,
          4.26e-06
        ]
      ]),

    "C/1937 N1": np.array([
        [
          1.26e-07,
          1.13e-09,
          -8.07e-07,
          -5.21e-07,
          -1.51e-06,
          -6.64e-07
        ],
        [
          1.13e-09,
          1.57e-11,
          -7.76e-09,
          -4.72e-09,
          -1.46e-08,
          -5.88e-09
        ],
        [
          -8.07e-07,
          -7.76e-09,
          5.26e-06,
          3.36e-06,
          9.87e-06,
          4.23e-06
        ],
        [
          -5.21e-07,
          -4.72e-09,
          3.36e-06,
          2.74e-06,
          6.77e-06,
          2.79e-06
        ],
        [
          -1.51e-06,
          -1.46e-08,
          9.87e-06,
          6.77e-06,
          1.89e-05,
          7.99e-06
        ],
        [
          -6.64e-07,
          -5.88e-09,
          4.23e-06,
          2.79e-06,
          7.99e-06,
          3.52e-06
        ]
    ]),

    "C/1975 X1": np.array([
        [
          3.7e-08,
          3.36e-10,
          -4.06e-07,
          1.91e-07,
          -3.5e-07,
          2.96e-07
        ],
        [
          3.36e-10,
          5.98e-12,
          -4.02e-09,
          1.72e-09,
          -3.8e-09,
          2.66e-09
        ],
        [
          -4.06e-07,
          -4.02e-09,
          4.5e-06,
          -2.09e-06,
          3.91e-06,
          -3.24e-06
        ],
        [
          1.91e-07,
          1.72e-09,
          -2.09e-06,
          1e-06,
          -1.79e-06,
          1.55e-06
        ],
        [
          -3.5e-07,
          -3.8e-09,
          3.91e-06,
          -1.79e-06,
          3.45e-06,
          -2.78e-06
        ],
        [
          2.96e-07,
          2.66e-09,
          -3.24e-06,
          1.55e-06,
          -2.78e-06,
          2.46e-06
        ]
    ]),

    "C/1978 H1": np.array([
        [
          4.56e-11,
          -2.11e-11,
          8.51e-10,
          9.87e-11,
          2.17e-10,
          -2.85e-10
        ],
        [
          -2.11e-11,
          1.11e-11,
          -3.73e-10,
          -4.56e-11,
          -8.94e-11,
          1.32e-10
        ],
        [
          8.51e-10,
          -3.73e-10,
          1.05e-07,
          1.4e-09,
          1.74e-08,
          -9.87e-09
        ],
        [
          9.87e-11,
          -4.56e-11,
          1.4e-09,
          1.42e-08,
          -9.71e-09,
          -1.17e-08
        ],
        [
          2.17e-10,
          -8.94e-11,
          1.74e-08,
          -9.71e-09,
          1.25e-08,
          6.12e-09
        ],
        [
          -2.85e-10,
          1.32e-10,
          -9.87e-09,
          -1.17e-08,
          6.12e-09,
          1.82e-08
        ]
    ]),

    "C/1990 K1": np.array([
        [
          2.04e-12,
          -5.99e-13,
          -4.11e-11,
          -1.78e-12,
          1.17e-11,
          5.26e-12
        ],
        [
          -5.99e-13,
          3.74e-13,
          1.85e-11,
          -1.94e-12,
          -1.28e-11,
          2.15e-12
        ],
        [
          -4.11e-11,
          1.85e-11,
          3.39e-09,
          -4.47e-10,
          4.27e-10,
          5.64e-10
        ],
        [
          -1.78e-12,
          -1.94e-12,
          -4.47e-10,
          8.48e-10,
          4.26e-10,
          -1.63e-09
        ],
        [
          1.17e-11,
          -1.28e-11,
          4.27e-10,
          4.26e-10,
          1.41e-09,
          -8.99e-10
        ],
        [
          5.26e-12,
          2.15e-12,
          5.64e-10,
          -1.63e-09,
          -8.99e-10,
          5.82e-09
        ]
    ]),

    "C/1993 Q1": np.array([
        [
          1.83e-11,
          1.95e-11,
          -4.7e-10,
          -2.02e-10,
          -1.45e-09,
          3.91e-10
        ],
        [
          1.95e-11,
          2.82e-11,
          -2.33e-10,
          -2.8e-10,
          -1.88e-09,
          5.3e-10
        ],
        [
          -4.7e-10,
          -2.33e-10,
          2.69e-08,
          1.6e-09,
          2.62e-08,
          -3.78e-09
        ],
        [
          -2.02e-10,
          -2.8e-10,
          1.6e-09,
          3.99e-09,
          1.9e-08,
          -7.57e-09
        ],
        [
          -1.45e-09,
          -1.88e-09,
          2.62e-08,
          1.9e-08,
          1.31e-07,
          -3.63e-08
        ],
        [
          3.91e-10,
          5.3e-10,
          -3.78e-09,
          -7.57e-09,
          -3.63e-08,
          1.51e-08
        ]
      ]),

    "C/1995 Y1": np.array([
        [
          5.13e-11,
          2.83e-12,
          5.07e-10,
          5.26e-10,
          6.34e-10,
          1.11e-10
        ],
        [
          2.83e-12,
          4.56e-13,
          4.33e-11,
          3.79e-11,
          4.22e-11,
          1.25e-12
        ],
        [
          5.07e-10,
          4.33e-11,
          8.19e-09,
          5.77e-09,
          8.3e-09,
          9.83e-10
        ],
        [
          5.26e-10,
          3.79e-11,
          5.77e-09,
          6.8e-09,
          6.28e-09,
          5.56e-10
        ],
        [
          6.34e-10,
          4.22e-11,
          8.3e-09,
          6.28e-09,
          9.89e-09,
          1.5e-09
        ],
        [
          1.11e-10,
          1.25e-12,
          9.83e-10,
          5.56e-10,
          1.5e-09,
          2.6e-09
        ]
    ]),

    "C/1998 P1": np.array([
        [
          1.06e-10,
          6.58e-11,
          4.04e-09,
          4.56e-10,
          5.28e-09,
          3.23e-10,
          -3.66e-14,
          1.13e-14
        ],
        [
          6.58e-11,
          4.73e-11,
          2.52e-09,
          2.95e-10,
          3.62e-09,
          1.98e-10,
          -2.64e-14,
          5.38e-15
        ],
        [
          4.04e-09,
          2.52e-09,
          1.58e-07,
          1.68e-08,
          2.03e-07,
          1.17e-08,
          -1.39e-12,
          4.27e-13
        ],
        [
          4.56e-10,
          2.95e-10,
          1.68e-08,
          3.06e-09,
          2.39e-08,
          2.23e-09,
          -1.73e-13,
          4.86e-14
        ],
        [
          5.28e-09,
          3.62e-09,
          2.03e-07,
          2.39e-08,
          2.82e-07,
          1.62e-08,
          -2.01e-12,
          4.75e-13
        ],
        [
          3.23e-10,
          1.98e-10,
          1.17e-08,
          2.23e-09,
          1.62e-08,
          2.36e-09,
          -1.29e-13,
          4.52e-14
        ],
        [
          -3.66e-14,
          -2.64e-14,
          -1.39e-12,
          -1.73e-13,
          -2.01e-12,
          -1.29e-13,
          1.54e-17,
          -3.29e-18
        ],
        [
          1.13e-14,
          5.38e-15,
          4.27e-13,
          4.86e-14,
          4.75e-13,
          4.52e-14,
          -3.29e-18,
          1.86e-18
        ]
    ]),
    "C/2001 Q4": np.array([
        [9.94e-13,4.3e-14,-4.15e-12,-3.89e-12,-6.51e-12,1.15e-12,-1.54e-16,-1.61e-17,9.5e-18],
        [4.3e-14,9.08e-15,-1.44e-13,-1.85e-13,-1.99e-13,6.92e-14,-7.84e-18,-3.2e-19,4.51e-19],
        [-4.15e-12,-1.44e-13,8.86e-11,1.82e-11,9.45e-11,-1.3e-11,6.91e-16,2.73e-16,-5.06e-17],
        [-3.89e-12,-1.85e-13,1.82e-11,1.18e-10,4.46e-11,-5.77e-12,5.9e-16,1.6e-17,-3.05e-16],
        [-6.51e-12,-1.99e-13,9.45e-11,4.46e-11,1.34e-10,-1.14e-11,1.07e-15,3.31e-16,-1.26e-16],
        [1.15e-12,6.92e-14,-1.3e-11,-5.77e-12,-1.14e-11,7.69e-11,-1.72e-16,-1.91e-17,-1.35e-16],
        [-1.54e-16,-7.84e-18,6.91e-16,5.9e-16,1.07e-15,-1.72e-16,2.58e-20,3.5e-21,-1.5e-21],
        [-1.61e-17,-3.2e-19,2.73e-16,1.6e-17,3.31e-16,-1.91e-17,3.5e-21,5.93e-21,-2.4e-22],
        [9.5e-18,4.51e-19,-5.06e-17,-3.05e-16,-1.26e-16,-1.35e-16,-1.5e-21,-2.4e-22,4.12e-21]
        ]),

    "C/2002 O7": np.array([
        [
          7.18e-12,
          3.77e-12,
          -4.06e-10,
          -3.62e-11,
          -4.27e-10,
          3.98e-11
        ],
        [
          3.77e-12,
          5.4e-12,
          -1.78e-11,
          -7.49e-11,
          -3.74e-10,
          8.21e-11
        ],
        [
          -4.06e-10,
          -1.78e-11,
          3.88e-08,
          -2.8e-09,
          1.61e-08,
          3.03e-09
        ],
        [
          -3.62e-11,
          -7.49e-11,
          -2.8e-09,
          2.57e-09,
          4.56e-09,
          -3e-09
        ],
        [
          -4.27e-10,
          -3.74e-10,
          1.61e-08,
          4.56e-09,
          3.21e-08,
          -5.04e-09
        ],
        [
          3.98e-11,
          8.21e-11,
          3.03e-09,
          -3e-09,
          -5.04e-09,
          3.69e-09
        ]
    ]),

    "C/2003 K4" : np.array([
        [1.24e-12,8.5e-13,-4.94e-11,2.92e-13,-7.28e-11,-4.5e-12,-2.64e-16,-7.07e-17,-6.64e-18],
                        [8.5e-13,8.44e-13,-2.5e-11,-2.64e-12,-6.13e-11,-3.79e-12,-2.93e-16,-1.69e-17,-7.39e-18],
                        [-4.94e-11,-2.5e-11,2.71e-09,-1.99e-10,2.55e-09,1.28e-10,5.99e-15,4.41e-15,-1.09e-16],
                        [2.92e-13,-2.64e-12,-1.99e-10,3.85e-10,3.29e-10,1.11e-11,1.22e-15,-4.15e-16,9.16e-16],
                        [-7.28e-11,-6.13e-11,2.55e-09,3.29e-10,4.96e-09,2.92e-10,2.03e-14,2.84e-15,1.06e-15],
                        [-4.5e-12,-3.79e-12,1.28e-10,1.11e-11,2.92e-10,5.07e-11,1.31e-15,1.37e-16,1.57e-16],
                        [-2.64e-16,-2.93e-16,5.99e-15,1.22e-15,2.03e-14,1.31e-15,1.13e-19,-3.58e-21,1.5e-21],
                        [-7.07e-17,-1.69e-17,4.41e-15,-4.15e-16,2.84e-15,1.37e-16,-3.58e-21,1.11e-20,6.94e-22],
                        [-6.64e-18,-7.39e-18,-1.09e-16,9.16e-16,1.06e-15,1.57e-16,1.5e-21,6.94e-22,5.72e-21]]),

    "C/2006 VZ13":  np.array([
        [3.3e-14,-1.13e-13,-3.44e-11,1.6e-13,-7.23e-12,-5.45e-14],
                    [-1.13e-13,3.87e-13,1.18e-10,-5.39e-13,2.46e-11,1.88e-13],
                    [-3.44e-11,1.18e-10,6.46e-08,-5.16e-10,1.49e-08,5.08e-11],
                    [1.6e-13,-5.39e-13,-5.16e-10,4.77e-08,-4.78e-08,5.14e-10],
                    [-7.23e-12,2.46e-11,1.49e-08,-4.78e-08,5.12e-08,-5.03e-10],
                    [-5.45e-14,1.88e-13,5.08e-11,5.14e-10,-5.03e-10,4.32e-11]]),

    "C/2007 W1": np.array([
        [
          4.47e-12,
          -3.81e-13,
          -2.54e-11,
          9.7e-11,
          -1.08e-10,
          4.06e-11,
          1.82e-17,
          2.29e-17,
          4.62e-07
        ],
        [
          -3.81e-13,
          7.45e-14,
          6.28e-13,
          -1.07e-11,
          8.08e-12,
          -4.35e-12,
          -7.96e-18,
          -8.18e-18,
          -4.76e-10
        ],
        [
          -2.54e-11,
          6.28e-13,
          2.8e-10,
          -4.26e-10,
          6.59e-10,
          -1.69e-10,
          4.09e-16,
          7.75e-16,
          -3.13e-06
        ],
        [
          9.7e-11,
          -1.07e-11,
          -4.26e-10,
          3.47e-09,
          -3.5e-09,
          1.13e-09,
          2.47e-15,
          3.91e-15,
          1.42e-05
        ],
        [
          -1.08e-10,
          8.08e-12,
          6.59e-10,
          -3.5e-09,
          3.88e-09,
          -1.14e-09,
          -1.72e-15,
          -3.33e-15,
          -1.82e-05
        ],
        [
          4.06e-11,
          -4.35e-12,
          -1.69e-10,
          1.13e-09,
          -1.14e-09,
          4.56e-10,
          6.92e-16,
          1.19e-15,
          4.92e-06
        ],
        [
          1.82e-17,
          -7.96e-18,
          4.09e-16,
          2.47e-15,
          -1.72e-15,
          6.92e-16,
          3.09e-20,
          1.7e-20,
          6.89e-11
        ],
        [
          2.29e-17,
          -8.18e-18,
          7.75e-16,
          3.91e-15,
          -3.33e-15,
          1.19e-15,
          1.7e-20,
          4.92e-20,
          7.13e-11
        ],
        [
          4.62e-07,
          -4.76e-10,
          -3.13e-06,
          1.42e-05,
          -1.82e-05,
          4.92e-06,
          6.89e-11,
          7.13e-11,
          0.3
        ]
    ]),
  #  "e","q","tp", "node","peri","i",
    "C/2008 A1": np.array([
        [
          1.7e-11,
          2.93e-12,
          2.69e-11,
          -1.14e-10,
          3.66e-12,
          -1.45e-11,
          -2.72e-15,
          -3.36e-16
        ],
        [
          2.93e-12,
          6.95e-13,
          2.53e-12,
          -2.16e-11,
          -8.25e-13,
          -4.86e-12,
          -5.32e-16,
          -2.86e-18
        ],
        [
          2.69e-11,
          2.53e-12,
          9.32e-10,
          -1.81e-10,
          3.84e-10,
          -9.88e-11,
          -4.69e-15,
          2.15e-15
        ],
        [
          -1.14e-10,
          -2.16e-11,
          -1.81e-10,
          1.42e-09,
          -8.84e-11,
          3.08e-10,
          1.86e-14,
          2.46e-15
        ],
        [
          3.66e-12,
          -8.25e-13,
          3.84e-10,
          -8.84e-11,
          3.32e-10,
          -7.65e-12,
          -5.07e-16,
          -7.35e-16
        ],
        [
          -1.45e-11,
          -4.86e-12,
          -9.88e-11,
          3.08e-10,
          -7.65e-12,
          3.85e-10,
          3.63e-15,
          -3.21e-15
        ],
        [
          -2.72e-15,
          -5.32e-16,
          -4.69e-15,
          1.86e-14,
          -5.07e-16,
          3.63e-15,
          4.71e-19,
          1.52e-20
        ],
        [
          -3.36e-16,
          -2.86e-18,
          2.15e-15,
          2.46e-15,
          -7.35e-16,
          -3.21e-15,
          1.52e-20,
          1.38e-19
        ]
      ]),

    "C/2012 K1": np.array([
        [
          7e-13,
          6.99e-13,
          -2.24e-11,
          -4.77e-12,
          -5.22e-11,
          -2.08e-12,
          -9.03e-17,
          -1.3e-16,
          -1.88e-17,
          3.44e-07
        ],
        [
          6.99e-13,
          9.28e-13,
          -1.29e-11,
          -7.43e-12,
          -6.2e-11,
          -2.51e-12,
          -1.68e-16,
          -1.18e-16,
          -1.86e-17,
          4.35e-07
        ],
        [
          -2.24e-11,
          -1.29e-11,
          1.38e-09,
          1.58e-12,
          1.29e-09,
          3.54e-11,
          -1.42e-15,
          5.44e-15,
          6.26e-16,
          -8.03e-06
        ],
        [
          -4.77e-12,
          -7.43e-12,
          1.58e-12,
          3.23e-10,
          6.64e-10,
          7.84e-12,
          8.6e-16,
          1.22e-15,
          4.23e-16,
          -5.06e-06
        ],
        [
          -5.22e-11,
          -6.2e-11,
          1.29e-09,
          6.64e-10,
          4.48e-09,
          1.61e-10,
          9.37e-15,
          9.67e-15,
          1.63e-15,
          -3.1e-05
        ],
        [
          -2.08e-12,
          -2.51e-12,
          3.54e-11,
          7.84e-12,
          1.61e-10,
          2.41e-11,
          5.56e-16,
          2.59e-16,
          1.02e-16,
          -9.62e-07
        ],
        [
          -9.03e-17,
          -1.68e-16,
          -1.42e-15,
          8.6e-16,
          9.37e-15,
          5.56e-16,
          8.17e-20,
          -1.83e-20,
          -4.61e-21,
          7.82e-12
        ],
        [
          -1.3e-16,
          -1.18e-16,
          5.44e-15,
          1.22e-15,
          9.67e-15,
          2.59e-16,
          -1.83e-20,
          4.69e-20,
          8.61e-21,
          -1.18e-10
        ],
        [
          -1.88e-17,
          -1.86e-17,
          6.26e-16,
          4.23e-16,
          1.63e-15,
          1.02e-16,
          -4.61e-21,
          8.61e-21,
          3.99e-21,
          -2.28e-11
        ],
        [
          3.44e-07,
          4.35e-07,
          -8.03e-06,
          -5.06e-06,
          -3.1e-05,
          -9.62e-07,
          7.82e-12,
          -1.18e-10,
          -2.28e-11,
          0.382
        ]
      ]    
    ),
  #  "e","q","tp", "node","peri","i",
    "C/2013 US10": np.array([
        [
          2.12e-12,
          3.59e-13,
          2.36e-11,
          1.24e-11,
          3.42e-11,
          -1.76e-12,
          -3.46e-16,
          3.82e-17,
          -2.22e-17
        ],
        [
          3.59e-13,
          7.99e-14,
          3.47e-12,
          2.95e-12,
          6.84e-12,
          -1.25e-13,
          -6.16e-17,
          6.61e-18,
          -5.29e-18
        ],
        [
          2.36e-11,
          3.47e-12,
          4.4e-10,
          6.61e-11,
          3.83e-10,
          -3.05e-11,
          -3.65e-15,
          8.93e-16,
          -1.39e-16
        ],
        [
          1.24e-11,
          2.95e-12,
          6.61e-11,
          9.44e-10,
          9.35e-10,
          1.85e-10,
          -2.16e-15,
          1.85e-16,
          -1.6e-15
        ],
        [
          3.42e-11,
          6.84e-12,
          3.83e-10,
          9.35e-10,
          1.23e-09,
          1.37e-10,
          -5.67e-15,
          8.87e-16,
          -1.62e-15
        ],
        [
          -1.76e-12,
          -1.25e-13,
          -3.05e-11,
          1.85e-10,
          1.37e-10,
          7.45e-11,
          2.51e-16,
          -4.78e-17,
          -3.64e-16
        ],
        [
          -3.46e-16,
          -6.16e-17,
          -3.65e-15,
          -2.16e-15,
          -5.67e-15,
          2.51e-16,
          5.75e-20,
          -5.35e-21,
          3.8e-21
        ],
        [
          3.82e-17,
          6.61e-18,
          8.93e-16,
          1.85e-16,
          8.87e-16,
          -4.78e-17,
          -5.35e-21,
          4.02e-21,
          -5.77e-22
        ],
        [
          -2.22e-17,
          -5.29e-18,
          -1.39e-16,
          -1.6e-15,
          -1.62e-15,
          -3.64e-16,
          3.8e-21,
          -5.77e-22,
          3.66e-21
        ]
      ])

}